 -- Error Report --
             H1            // H(curl)       // H(div)        // L2            // Total         // Rate       // Case tag
      1 ;    0.00000E+00 ;    0.57300E+02 ;    0.00000E+00 ;    0.00000E+00 ;    0.57300E+02 ;    0.000000 ;           1
      2 ;    0.00000E+00 ;    0.58049E+02 ;    0.00000E+00 ;    0.00000E+00 ;    0.58049E+02 ;    0.006544 ;           1
      3 ;    0.00000E+00 ;    0.57739E+02 ;    0.00000E+00 ;    0.00000E+00 ;    0.57739E+02 ;   -0.006948 ;           1
      4 ;    0.00000E+00 ;    0.57810E+02 ;    0.00000E+00 ;    0.00000E+00 ;    0.57810E+02 ;    0.001694 ;           1
      5 ;    0.00000E+00 ;    0.60294E+02 ;    0.00000E+00 ;    0.00000E+00 ;    0.60294E+02 ;    0.059366 ;           1
      6 ;    0.00000E+00 ;    0.78633E+02 ;    0.00000E+00 ;    0.00000E+00 ;    0.78633E+02 ;    0.378932 ;           1
      7 ;    0.00000E+00 ;    0.49772E+01 ;    0.00000E+00 ;    0.00000E+00 ;    0.49772E+01 ;   -3.959943 ;           1
      8 ;    0.00000E+00 ;    0.81689E-01 ;    0.00000E+00 ;    0.00000E+00 ;    0.81689E-01 ;   -5.912885 ;           1
